6.8355683156e+04
8.7212503578e+04
2.2567680594e+04
8.8959523483e+04
7.4071656382e+04
5.6306791870e+04
6.8127115689e+04
8.8663650818e+04
3.4721047390e+04
6.3164594390e+04
2.6193925318e+04
7.8733038018e+04
6.8035583576e+04
8.3832110107e+04
3.8174832190e+04
1.4374808905e+04
4.3779425900e+04
6.1829899839e+04
1.9100379938e+04
1.6783249900e+04
7.5174324278e+04
2.5170768702e+04
4.6685609813e+04
8.0275654420e+04
4.1811599607e+04
6.0757516473e+04
2.3877329354e+04
5.7123433342e+04
5.8289191530e+04
8.7867731336e+04
8.2569773170e+04
6.7655282823e+04
2.2454568022e+04
2.6419043626e+04
7.9079612433e+04
4.3046704128e+04
5.7192674660e+04
3.0358341762e+04
4.2307742383e+04
7.3002970336e+04
5.9050366035e+04
3.8021249497e+04
8.0768891160e+04
2.1944823780e+04
3.9812901654e+04
5.7985050667e+04
1.6220552061e+04
5.2631427455e+04
2.4817964923e+04
2.6855098812e+04
5.5678577280e+04
3.1315714483e+04
6.7573842215e+04
3.5156365637e+04
2.7067378819e+04
6.8895112876e+04
1.3297584885e+04
1.8045817366e+04
5.0451895256e+04
5.4324151501e+04
6.7616908769e+04
2.4739223169e+04
7.2429677006e+04
3.4564472863e+04
3.7414364189e+04
6.0479427639e+04
3.5809462272e+04
1.3188148993e+04
4.6742493946e+04
8.6976029149e+04
1.3746846104e+04
8.0734011841e+04
4.3391892604e+04
6.1862614017e+04
6.4016347940e+04
2.8741852004e+04
6.0622656779e+04
5.1545170960e+04
4.0703468622e+04
2.3181721391e+04
8.4493380963e+04
1.3946610392e+04
8.7120026163e+04
3.7807424109e+04
3.8580176478e+04
8.7704646867e+04
2.0619273411e+04
5.5744149596e+04
7.0927329799e+04
6.2996079846e+04
3.5839177780e+04
3.6657485750e+04
7.5906554169e+04
4.2150328270e+04
6.4455209455e+04
5.0017447537e+04
7.9128279277e+04
2.4081544347e+04
6.4498946162e+04
3.4738053176e+04
