0.000000	0.000000	0.000000
0.010000	0.010192	0.000192
0.020000	0.020370	0.000371
0.030000	0.030533	0.000537
0.040000	0.040680	0.000691
0.050000	0.050811	0.000832
0.060000	0.060927	0.000963
0.070000	0.071025	0.001082
0.080000	0.081106	0.001191
0.090000	0.091170	0.001291
0.100000	0.101216	0.001383
0.110000	0.111243	0.001465
0.120000	0.121250	0.001538
0.130000	0.131238	0.001604
0.140000	0.141206	0.001663
0.150000	0.151152	0.001714
0.160000	0.161077	0.001759
0.170000	0.170980	0.001798
0.180000	0.180860	0.001830
0.190000	0.190717	0.001858
0.200000	0.200549	0.001880
0.210000	0.210357	0.001897
0.220000	0.220139	0.001909
0.230000	0.229895	0.001917
0.240000	0.239624	0.001921
0.250000	0.249326	0.001922
0.260000	0.258999	0.001918
0.270000	0.268644	0.001913
0.280000	0.278258	0.001902
0.290000	0.287842	0.001890
0.300000	0.297395	0.001875
0.310000	0.306916	0.001857
0.320000	0.316404	0.001837
0.330000	0.325858	0.001815
0.340000	0.335278	0.001791
0.350000	0.344663	0.001765
0.360000	0.354012	0.001738
0.370000	0.363325	0.001710
0.380000	0.372600	0.001680
0.390000	0.381836	0.001648
0.400000	0.391034	0.001616
0.410000	0.400192	0.001583
0.420000	0.409309	0.001549
0.430000	0.418384	0.001513
0.440000	0.427418	0.001479
0.450000	0.436408	0.001442
0.460000	0.445354	0.001406
0.470000	0.454256	0.001370
0.480000	0.463112	0.001333
0.490000	0.471922	0.001296
0.500000	0.480684	0.001258
0.510000	0.489399	0.001222
0.520000	0.498065	0.001185
0.530000	0.506681	0.001148
0.540000	0.515247	0.001111
0.550000	0.523761	0.001074
0.560000	0.532224	0.001038
0.570000	0.540634	0.001002
0.580000	0.548990	0.000966
0.590000	0.557292	0.000931
0.600000	0.565538	0.000896
0.610000	0.573729	0.000862
0.620000	0.581862	0.000827
0.630000	0.589939	0.000794
0.640000	0.597956	0.000761
0.650000	0.605915	0.000729
0.660000	0.613813	0.000696
0.670000	0.621651	0.000665
0.680000	0.629428	0.000635
0.690000	0.637142	0.000605
0.700000	0.644793	0.000575
0.710000	0.652380	0.000546
0.720000	0.659903	0.000518
0.730000	0.667361	0.000491
0.740000	0.674752	0.000464
0.750000	0.682077	0.000438
0.760000	0.689334	0.000413
0.770000	0.696524	0.000389
0.780000	0.703644	0.000365
0.790000	0.710694	0.000341
0.800000	0.717674	0.000318
0.810000	0.724584	0.000297
0.820000	0.731421	0.000275
0.830000	0.738186	0.000255
0.840000	0.744878	0.000235
0.850000	0.751496	0.000216
0.860000	0.758039	0.000196
0.870000	0.764508	0.000179
0.880000	0.770900	0.000161
0.890000	0.777216	0.000144
0.900000	0.783455	0.000128
0.910000	0.789617	0.000113
0.920000	0.795700	0.000098
0.930000	0.801704	0.000084
0.940000	0.807628	0.000070
0.950000	0.813473	0.000057
0.960000	0.819236	0.000044
0.970000	0.824918	0.000032
0.980000	0.830519	0.000022
0.990000	0.836036	0.000010
1.000000	0.841471	0.000000
1.010000	0.846822	0.000010
1.020000	0.852089	0.000019
1.030000	0.857271	0.000028
1.040000	0.862368	0.000036
1.050000	0.867379	0.000044
1.060000	0.872304	0.000051
1.070000	0.877142	0.000059
1.080000	0.881892	0.000066
1.090000	0.886555	0.000072
1.100000	0.891130	0.000077
1.110000	0.895616	0.000083
1.120000	0.900013	0.000087
1.130000	0.904320	0.000092
1.140000	0.908537	0.000096
1.150000	0.912663	0.000101
1.160000	0.916699	0.000104
1.170000	0.920643	0.000108
1.180000	0.924496	0.000110
1.190000	0.928256	0.000113
1.200000	0.931924	0.000115
1.210000	0.935499	0.000117
1.220000	0.938980	0.000119
1.230000	0.942368	0.000121
1.240000	0.945662	0.000122
1.250000	0.948862	0.000123
1.260000	0.951966	0.000124
1.270000	0.954976	0.000125
1.280000	0.957891	0.000125
1.290000	0.960710	0.000125
1.300000	0.963433	0.000125
1.310000	0.966060	0.000125
1.320000	0.968591	0.000124
1.330000	0.971024	0.000124
1.340000	0.973361	0.000124
1.350000	0.975601	0.000122
1.360000	0.977743	0.000122
1.370000	0.979787	0.000121
1.380000	0.981734	0.000120
1.390000	0.983583	0.000118
1.400000	0.985333	0.000117
1.410000	0.986985	0.000115
1.420000	0.988538	0.000114
1.430000	0.989993	0.000112
1.440000	0.991348	0.000110
1.450000	0.992605	0.000108
1.460000	0.993762	0.000106
1.470000	0.994820	0.000104
1.480000	0.995779	0.000102
1.490000	0.996638	0.000100
1.500000	0.997397	0.000098
1.510000	0.998057	0.000095
1.520000	0.998617	0.000093
1.530000	0.999077	0.000091
1.540000	0.999437	0.000089
1.550000	0.999697	0.000087
1.560000	0.999858	0.000084
1.570000	0.999918	0.000082
1.580000	0.999878	0.000080
1.590000	0.999739	0.000077
1.600000	0.999499	0.000075
1.610000	0.999159	0.000073
1.620000	0.998720	0.000070
1.630000	0.998181	0.000067
1.640000	0.997541	0.000065
1.650000	0.996802	0.000063
1.660000	0.995964	0.000060
1.670000	0.995025	0.000058
1.680000	0.993987	0.000056
1.690000	0.992850	0.000054
1.700000	0.991614	0.000051
1.710000	0.990278	0.000049
1.720000	0.988843	0.000047
1.730000	0.987309	0.000045
1.740000	0.985677	0.000042
1.750000	0.983946	0.000040
1.760000	0.982116	0.000038
1.770000	0.980188	0.000036
1.780000	0.978163	0.000034
1.790000	0.976039	0.000032
1.800000	0.973818	0.000030
1.810000	0.971499	0.000028
1.820000	0.969083	0.000026
1.830000	0.966570	0.000024
1.840000	0.963960	0.000023
1.850000	0.961254	0.000021
1.860000	0.958452	0.000019
1.870000	0.955554	0.000018
1.880000	0.952560	0.000016
1.890000	0.949471	0.000015
1.900000	0.946287	0.000013
1.910000	0.943009	0.000011
1.920000	0.939636	0.000009
1.930000	0.936168	0.000009
1.940000	0.932608	0.000007
1.950000	0.928954	0.000006
1.960000	0.925207	0.000005
1.970000	0.921367	0.000004
1.980000	0.917436	0.000002
1.990000	0.913412	0.000001
2.000000	0.909297	0.000000
2.010000	0.905092	0.000001
2.020000	0.900795	0.000002
2.030000	0.896409	0.000003
2.040000	0.891933	0.000004
2.050000	0.887367	0.000005
2.060000	0.882713	0.000006
2.070000	0.877971	0.000007
2.080000	0.873140	0.000007
2.090000	0.868223	0.000008
2.100000	0.863218	0.000009
2.110000	0.858127	0.000009
2.120000	0.852950	0.000010
2.130000	0.847688	0.000010
2.140000	0.842341	0.000011
2.150000	0.836910	0.000011
2.160000	0.831395	0.000012
2.170000	0.825797	0.000012
2.180000	0.820117	0.000013
2.190000	0.814354	0.000013
2.200000	0.808510	0.000014
2.210000	0.802585	0.000014
2.220000	0.796580	0.000015
2.230000	0.790495	0.000015
2.240000	0.784331	0.000015
2.250000	0.778088	0.000015
2.260000	0.771768	0.000015
2.270000	0.765370	0.000015
2.280000	0.758896	0.000015
2.290000	0.752346	0.000015
2.300000	0.745721	0.000016
2.310000	0.739021	0.000016
2.320000	0.732247	0.000016
2.330000	0.725400	0.000016
2.340000	0.718480	0.000015
2.350000	0.711489	0.000016
2.360000	0.704426	0.000015
2.370000	0.697293	0.000015
2.380000	0.690090	0.000015
2.390000	0.682818	0.000015
2.400000	0.675478	0.000015
2.410000	0.668071	0.000015
2.420000	0.660596	0.000015
2.430000	0.653055	0.000014
2.440000	0.645450	0.000015
2.450000	0.637779	0.000014
2.460000	0.630045	0.000014
2.470000	0.622248	0.000014
2.480000	0.614388	0.000014
2.490000	0.606467	0.000013
2.500000	0.598485	0.000013
2.510000	0.590444	0.000013
2.520000	0.582343	0.000012
2.530000	0.574185	0.000013
2.540000	0.565969	0.000013
2.550000	0.557696	0.000012
2.560000	0.549367	0.000012
2.570000	0.540984	0.000012
2.580000	0.532546	0.000011
2.590000	0.524055	0.000011
2.600000	0.515512	0.000011
2.610000	0.506917	0.000010
2.620000	0.498272	0.000010
2.630000	0.489576	0.000009
2.640000	0.480832	0.000009
2.650000	0.472040	0.000009
2.660000	0.463200	0.000009
2.670000	0.454314	0.000008
2.680000	0.445383	0.000008
2.690000	0.436407	0.000008
2.700000	0.427387	0.000007
2.710000	0.418325	0.000007
2.720000	0.409221	0.000007
2.730000	0.400076	0.000007
2.740000	0.390891	0.000006
2.750000	0.381667	0.000006
2.760000	0.372405	0.000006
2.770000	0.363105	0.000005
2.780000	0.353770	0.000006
2.790000	0.344398	0.000005
2.800000	0.334993	0.000005
2.810000	0.325554	0.000005
2.820000	0.316082	0.000004
2.830000	0.306579	0.000004
2.840000	0.297045	0.000004
2.850000	0.287481	0.000003
2.860000	0.277889	0.000003
2.870000	0.268269	0.000003
2.880000	0.258622	0.000003
2.890000	0.248949	0.000002
2.900000	0.239251	0.000002
2.910000	0.229530	0.000002
2.920000	0.219785	0.000001
2.930000	0.210019	0.000002
2.940000	0.200231	0.000001
2.950000	0.190424	0.000001
2.960000	0.180597	0.000001
2.970000	0.170752	0.000000
2.980000	0.160891	0.000001
2.990000	0.151013	0.000000
3.000000	0.141120	0.000000
3.010000	0.131213	0.000000
3.020000	0.121293	0.000000
3.030000	0.111361	0.000000
3.040000	0.101417	0.000001
3.050000	0.091464	0.000001
3.060000	0.081501	0.000001
3.070000	0.071530	0.000002
3.080000	0.061552	0.000002
3.090000	0.051568	0.000002
3.100000	0.041579	0.000002
3.110000	0.031586	0.000001
3.120000	0.021589	0.000002
3.130000	0.011591	0.000001
3.140000	0.001591	0.000002
3.150000	-0.008409	0.000002
3.160000	-0.018408	0.000002
3.170000	-0.028406	0.000002
3.180000	-0.038400	0.000002
3.190000	-0.048391	0.000003
3.200000	-0.058377	0.000003
3.210000	-0.068357	0.000003
3.220000	-0.078330	0.000003
3.230000	-0.088295	0.000003
3.240000	-0.098251	0.000002
3.250000	-0.108198	0.000003
3.260000	-0.118134	0.000003
3.270000	-0.128058	0.000003
3.280000	-0.137969	0.000003
3.290000	-0.147866	0.000003
3.300000	-0.157749	0.000003
3.310000	-0.167615	0.000003
3.320000	-0.177465	0.000003
3.330000	-0.187298	0.000003
3.340000	-0.197111	0.000003
3.350000	-0.206905	0.000003
3.360000	-0.216678	0.000003
3.370000	-0.226429	0.000002
3.380000	-0.236158	0.000003
3.390000	-0.245863	0.000002
3.400000	-0.255544	0.000003
3.410000	-0.265199	0.000003
3.420000	-0.274828	0.000003
3.430000	-0.284429	0.000003
3.440000	-0.294001	0.000003
3.450000	-0.303544	0.000002
3.460000	-0.313057	0.000003
3.470000	-0.322539	0.000003
3.480000	-0.331988	0.000003
3.490000	-0.341404	0.000003
3.500000	-0.350786	0.000003
3.510000	-0.360133	0.000003
3.520000	-0.369444	0.000003
3.530000	-0.378717	0.000002
3.540000	-0.387953	0.000002
3.550000	-0.397151	0.000003
3.560000	-0.406308	0.000002
3.570000	-0.415425	0.000002
3.580000	-0.424500	0.000002
3.590000	-0.433533	0.000002
3.600000	-0.442523	0.000003
3.610000	-0.451468	0.000002
3.620000	-0.460368	0.000002
3.630000	-0.469222	0.000002
3.640000	-0.478029	0.000002
3.650000	-0.486789	0.000002
3.660000	-0.495499	0.000002
3.670000	-0.504160	0.000001
3.680000	-0.512771	0.000002
3.690000	-0.521330	0.000001
3.700000	-0.529838	0.000002
3.710000	-0.538292	0.000001
3.720000	-0.546693	0.000002
3.730000	-0.555038	0.000001
3.740000	-0.563329	0.000002
3.750000	-0.571563	0.000002
3.760000	-0.579739	0.000001
3.770000	-0.587858	0.000001
3.780000	-0.595918	0.000001
3.790000	-0.603919	0.000001
3.800000	-0.611859	0.000001
3.810000	-0.619738	0.000001
3.820000	-0.627555	0.000001
3.830000	-0.635309	0.000001
3.840000	-0.643000	0.000001
3.850000	-0.650626	0.000001
3.860000	-0.658187	0.000001
3.870000	-0.665683	0.000001
3.880000	-0.673112	0.000001
3.890000	-0.680473	0.000000
3.900000	-0.687767	0.000001
3.910000	-0.694991	0.000000
3.920000	-0.702147	0.000001
3.930000	-0.709232	0.000001
3.940000	-0.716246	0.000000
3.950000	-0.723188	0.000000
3.960000	-0.730059	0.000001
3.970000	-0.736856	0.000000
3.980000	-0.743579	0.000000
3.990000	-0.750228	0.000000
4.000000	-0.756802	0.000000
4.010000	-0.763301	0.000000
4.020000	-0.769723	0.000000
4.030000	-0.776068	0.000000
4.040000	-0.782336	0.000000
4.050000	-0.788525	0.000000
4.060000	-0.794636	0.000000
4.070000	-0.800667	0.000000
4.080000	-0.806617	0.000001
4.090000	-0.812488	0.000000
4.100000	-0.818277	0.000000
4.110000	-0.823984	0.000000
4.120000	-0.829609	0.000000
4.130000	-0.835151	0.000000
4.140000	-0.840609	0.000000
4.150000	-0.845983	0.000001
4.160000	-0.851273	0.000000
4.170000	-0.856477	0.000001
4.180000	-0.861596	0.000001
4.190000	-0.866629	0.000001
4.200000	-0.871575	0.000001
4.210000	-0.876434	0.000001
4.220000	-0.881205	0.000001
4.230000	-0.885889	0.000000
4.240000	-0.890483	0.000001
4.250000	-0.894989	0.000000
4.260000	-0.899405	0.000000
4.270000	-0.903731	0.000001
4.280000	-0.907967	0.000000
4.290000	-0.912111	0.000001
4.300000	-0.916165	0.000001
4.310000	-0.920127	0.000001
4.320000	-0.923997	0.000001
4.330000	-0.927775	0.000001
4.340000	-0.931460	0.000001
4.350000	-0.935052	0.000001
4.360000	-0.938550	0.000001
4.370000	-0.941955	0.000000
4.380000	-0.945265	0.000001
4.390000	-0.948480	0.000001
4.400000	-0.951601	0.000001
4.410000	-0.954627	0.000001
4.420000	-0.957557	0.000001
4.430000	-0.960392	0.000000
4.440000	-0.963130	0.000001
4.450000	-0.965772	0.000001
4.460000	-0.968318	0.000001
4.470000	-0.970767	0.000000
4.480000	-0.973118	0.000001
4.490000	-0.975373	0.000000
4.500000	-0.977529	0.000001
4.510000	-0.979588	0.000001
4.520000	-0.981550	0.000000
4.530000	-0.983412	0.000001
4.540000	-0.985177	0.000001
4.550000	-0.986843	0.000001
4.560000	-0.988411	0.000000
4.570000	-0.989879	0.000001
4.580000	-0.991249	0.000000
4.590000	-0.992519	0.000001
4.600000	-0.993690	0.000001
4.610000	-0.994762	0.000001
4.620000	-0.995735	0.000000
4.630000	-0.996607	0.000001
4.640000	-0.997381	0.000000
4.650000	-0.998054	0.000000
4.660000	-0.998627	0.000001
4.670000	-0.999101	0.000001
4.680000	-0.999475	0.000001
4.690000	-0.999749	0.000000
4.700000	-0.999923	0.000000
4.710000	-0.999997	0.000000
4.720000	-0.999971	0.000000
4.730000	-0.999845	0.000000
4.740000	-0.999618	0.000001
4.750000	-0.999292	0.000001
4.760000	-0.998866	0.000001
4.770000	-0.998341	0.000000
4.780000	-0.997715	0.000000
4.790000	-0.996989	0.000001
4.800000	-0.996164	0.000001
4.810000	-0.995240	0.000000
4.820000	-0.994215	0.000001
4.830000	-0.993092	0.000000
4.840000	-0.991869	0.000000
4.850000	-0.990546	0.000001
4.860000	-0.989125	0.000000
4.870000	-0.987605	0.000000
4.880000	-0.985986	0.000000
4.890000	-0.984268	0.000001
4.900000	-0.982452	0.000001
4.910000	-0.980538	0.000000
4.920000	-0.978526	0.000000
4.930000	-0.976416	0.000000
4.940000	-0.974208	0.000000
4.950000	-0.971903	0.000000
4.960000	-0.969501	0.000000
4.970000	-0.967001	0.000000
4.980000	-0.964405	0.000000
4.990000	-0.961713	0.000000
5.000000	-0.958924	0.000000
5.010000	-0.956040	0.000000
5.020000	-0.953060	0.000000
5.030000	-0.949984	0.000000
5.040000	-0.946814	0.000000
5.050000	-0.943549	0.000000
5.060000	-0.940189	0.000000
5.070000	-0.936736	0.000000
5.080000	-0.933189	0.000000
5.090000	-0.929548	0.000000
5.100000	-0.925815	0.000000
5.110000	-0.921989	0.000000
5.120000	-0.918071	0.000001
5.130000	-0.914061	0.000001
5.140000	-0.909959	0.000000
5.150000	-0.905767	0.000000
5.160000	-0.901484	0.000000
5.170000	-0.897111	0.000000
5.180000	-0.892648	0.000000
5.190000	-0.888096	0.000000
5.200000	-0.883455	0.000000
5.210000	-0.878726	0.000001
5.220000	-0.873908	0.000000
5.230000	-0.869004	0.000000
5.240000	-0.864013	0.000001
5.250000	-0.858935	0.000001
5.260000	-0.853771	0.000000
5.270000	-0.848522	0.000000
5.280000	-0.843188	0.000000
5.290000	-0.837770	0.000001
5.300000	-0.832268	0.000001
5.310000	-0.826682	0.000000
5.320000	-0.821015	0.000001
5.330000	-0.815264	0.000000
5.340000	-0.809433	0.000000
5.350000	-0.803520	0.000000
5.360000	-0.797528	0.000001
5.370000	-0.791455	0.000000
5.380000	-0.785303	0.000000
5.390000	-0.779073	0.000000
5.400000	-0.772765	0.000001
5.410000	-0.766379	0.000000
5.420000	-0.759917	0.000000
5.430000	-0.753379	0.000000
5.440000	-0.746766	0.000001
5.450000	-0.740078	0.000001
5.460000	-0.733315	0.000000
5.470000	-0.726480	0.000000
5.480000	-0.719572	0.000000
5.490000	-0.712592	0.000000
5.500000	-0.705541	0.000001
5.510000	-0.698419	0.000001
5.520000	-0.691227	0.000000
5.530000	-0.683966	0.000000
5.540000	-0.676637	0.000000
5.550000	-0.669240	0.000000
5.560000	-0.661776	0.000000
5.570000	-0.654246	0.000000
5.580000	-0.646651	0.000000
5.590000	-0.638991	0.000000
5.600000	-0.631267	0.000000
5.610000	-0.623480	0.000000
5.620000	-0.615630	0.000000
5.630000	-0.607719	0.000000
5.640000	-0.599748	0.000001
5.650000	-0.591716	0.000000
5.660000	-0.583625	0.000000
5.670000	-0.575476	0.000001
5.680000	-0.567269	0.000000
5.690000	-0.559005	0.000000
5.700000	-0.550686	0.000000
5.710000	-0.542311	0.000000
5.720000	-0.533882	0.000000
5.730000	-0.525400	0.000000
5.740000	-0.516866	0.000001
5.750000	-0.508279	0.000000
5.760000	-0.499642	0.000000
5.770000	-0.490955	0.000000
5.780000	-0.482219	0.000001
5.790000	-0.473434	0.000000
5.800000	-0.464602	0.000000
5.810000	-0.455724	0.000000
5.820000	-0.446800	0.000000
5.830000	-0.437832	0.000000
5.840000	-0.428819	0.000000
5.850000	-0.419764	0.000000
5.860000	-0.410667	0.000000
5.870000	-0.401529	0.000000
5.880000	-0.392350	0.000000
5.890000	-0.383133	0.000000
5.900000	-0.373877	0.000000
5.910000	-0.364583	0.000000
5.920000	-0.355254	0.000000
5.930000	-0.345888	0.000000
5.940000	-0.336488	0.000000
5.950000	-0.327055	0.000000
5.960000	-0.317589	0.000000
5.970000	-0.308091	0.000000
5.980000	-0.298562	0.000000
5.990000	-0.289003	0.000000
6.000000	-0.279415	0.000000
6.010000	-0.269800	0.000000
6.020000	-0.260157	0.000000
6.030000	-0.250489	0.000000
6.040000	-0.240795	0.000000
6.050000	-0.231078	0.000000
6.060000	-0.221337	0.000000
6.070000	-0.211574	0.000000
6.080000	-0.201790	0.000000
6.090000	-0.191986	0.000000
6.100000	-0.182162	0.000001
6.110000	-0.172321	0.000000
6.120000	-0.162462	0.000000
6.130000	-0.152587	0.000000
6.140000	-0.142696	0.000001
6.150000	-0.132792	0.000000
6.160000	-0.122874	0.000000
6.170000	-0.112944	0.000000
6.180000	-0.103002	0.000000
6.190000	-0.093050	0.000001
6.200000	-0.083089	0.000000
6.210000	-0.073120	0.000000
6.220000	-0.063143	0.000000
6.230000	-0.053160	0.000000
6.240000	-0.043172	0.000000
6.250000	-0.033179	0.000000
6.260000	-0.023183	0.000000
6.270000	-0.013185	0.000000
6.280000	-0.003185	0.000000
6.290000	0.006815	0.000000
6.300000	0.016814	0.000000
6.310000	0.026812	0.000001
6.320000	0.036806	0.000000
6.330000	0.046798	0.000000
6.340000	0.056784	0.000000
6.350000	0.066765	0.000000
6.360000	0.076739	0.000000
6.370000	0.086706	0.000000
6.380000	0.096664	0.000000
6.390000	0.106612	0.000000
6.400000	0.116549	0.000000
6.410000	0.126475	0.000000
6.420000	0.136388	0.000000
6.430000	0.146288	0.000000
6.440000	0.156173	0.000000
6.450000	0.166042	0.000000
6.460000	0.175895	0.000000
6.470000	0.185730	0.000000
6.480000	0.195547	0.000000
6.490000	0.205344	0.000000
6.500000	0.215120	0.000000
6.510000	0.224875	0.000000
6.520000	0.234608	0.000001
6.530000	0.244317	0.000001
6.540000	0.254001	0.000000
6.550000	0.263660	0.000000
6.560000	0.273293	0.000000
6.570000	0.282899	0.000001
6.580000	0.292476	0.000000
6.590000	0.302024	0.000000
6.600000	0.311541	0.000000
6.610000	0.321028	0.000000
6.620000	0.330483	0.000001
6.630000	0.339904	0.000000
6.640000	0.349291	0.000000
6.650000	0.358644	0.000000
6.660000	0.367961	0.000000
6.670000	0.377240	0.000000
6.680000	0.386483	0.000000
6.690000	0.395686	0.000000
6.700000	0.404850	0.000000
6.710000	0.413973	0.000000
6.720000	0.423055	0.000000
6.730000	0.432095	0.000000
6.740000	0.441092	0.000000
6.750000	0.450044	0.000000
6.760000	0.458952	0.000001
6.770000	0.467813	0.000000
6.780000	0.476628	0.000000
6.790000	0.485395	0.000000
6.800000	0.494113	0.000000
6.810000	0.502783	0.000001
6.820000	0.511401	0.000000
6.830000	0.519969	0.000000
6.840000	0.528485	0.000000
6.850000	0.536948	0.000000
6.860000	0.545357	0.000000
6.870000	0.553711	0.000000
6.880000	0.562011	0.000000
6.890000	0.570254	0.000000
6.900000	0.578440	0.000000
6.910000	0.586568	0.000000
6.920000	0.594638	0.000001
6.930000	0.602648	0.000000
6.940000	0.610597	0.000000
6.950000	0.618486	0.000000
6.960000	0.626313	0.000000
6.970000	0.634077	0.000000
6.980000	0.641778	0.000000
6.990000	0.649415	0.000000
7.000000	0.656987	0.000000
7.010000	0.664493	0.000000
7.020000	0.671932	0.000000
7.030000	0.679305	0.000000
7.040000	0.686609	0.000000
7.050000	0.693845	0.000000
7.060000	0.701011	0.000000
7.070000	0.708108	0.000000
7.080000	0.715133	0.000000
7.090000	0.722087	0.000000
7.100000	0.728969	0.000000
7.110000	0.735778	0.000000
7.120000	0.742513	0.000000
7.130000	0.749174	0.000000
7.140000	0.755760	0.000001
7.150000	0.762271	0.000000
7.160000	0.768705	0.000000
7.170000	0.775063	0.000000
7.180000	0.781343	0.000000
7.190000	0.787545	0.000000
7.200000	0.793668	0.000000
7.210000	0.799712	0.000000
7.220000	0.805675	0.000000
7.230000	0.811558	0.000001
7.240000	0.817361	0.000000
7.250000	0.823081	0.000000
7.260000	0.828719	0.000000
7.270000	0.834274	0.000000
7.280000	0.839746	0.000000
7.290000	0.845133	0.000000
7.300000	0.850437	0.000000
7.310000	0.855655	0.000000
7.320000	0.860787	0.000000
7.330000	0.865834	0.000000
7.340000	0.870794	0.000000
7.350000	0.875667	0.000000
7.360000	0.880452	0.000000
7.370000	0.885149	0.000000
7.380000	0.889758	0.000000
7.390000	0.894278	0.000000
7.400000	0.898708	0.000000
7.410000	0.903048	0.000001
7.420000	0.907299	0.000000
7.430000	0.911458	0.000000
7.440000	0.915526	0.000000
7.450000	0.919503	0.000000
7.460000	0.923388	0.000000
7.470000	0.927180	0.000000
7.480000	0.930880	0.000000
7.490000	0.934487	0.000000
7.500000	0.938000	0.000000
7.510000	0.941419	0.000000
7.520000	0.944745	0.000000
7.530000	0.947975	0.000000
7.540000	0.951111	0.000000
7.550000	0.954152	0.000000
7.560000	0.957098	0.000000
7.570000	0.959947	0.000000
7.580000	0.962701	0.000000
7.590000	0.965359	0.000000
7.600000	0.967920	0.000000
7.610000	0.970384	0.000000
7.620000	0.972751	0.000000
7.630000	0.975021	0.000000
7.640000	0.977193	0.000000
7.650000	0.979268	0.000000
7.660000	0.981244	0.000000
7.670000	0.983123	0.000000
7.680000	0.984903	0.000000
7.690000	0.986585	0.000000
7.700000	0.988168	0.000000
7.710000	0.989652	0.000001
7.720000	0.991038	0.000000
7.730000	0.992324	0.000000
7.740000	0.993511	0.000000
7.750000	0.994599	0.000000
7.760000	0.995587	0.000000
7.770000	0.996476	0.000000
7.780000	0.997265	0.000000
7.790000	0.997954	0.000000
7.800000	0.998543	0.000000
7.810000	0.999033	0.000000
7.820000	0.999423	0.000000
7.830000	0.999712	0.000000
7.840000	0.999902	0.000000
7.850000	0.999992	0.000000
7.860000	0.999982	0.000000
7.870000	0.999872	0.000000
7.880000	0.999662	0.000000
7.890000	0.999351	0.000000
7.900000	0.998941	0.000000
7.910000	0.998431	0.000000
7.920000	0.997822	0.000000
7.930000	0.997112	0.000000
7.940000	0.996303	0.000000
7.950000	0.995394	0.000000
7.960000	0.994385	0.000000
7.970000	0.993277	0.000000
7.980000	0.992070	0.000000
7.990000	0.990764	0.000000
8.000000	0.989358	0.000000
8.010000	0.987854	0.000000
8.020000	0.986251	0.000000
8.030000	0.984549	0.000000
8.040000	0.982748	0.000000
8.050000	0.980850	0.000000
8.060000	0.978853	0.000000
8.070000	0.976759	0.000000
8.080000	0.974566	0.000000
8.090000	0.972277	0.000000
8.100000	0.969890	0.000000
8.110000	0.967406	0.000000
8.120000	0.964825	0.000000
8.130000	0.962148	0.000000
8.140000	0.959375	0.000000
8.150000	0.956506	0.000000
8.160000	0.953541	0.000000
8.170000	0.950480	0.000000
8.180000	0.947325	0.000000
8.190000	0.944075	0.000000
8.200000	0.940731	0.000000
8.210000	0.937292	0.000000
8.220000	0.933760	0.000000
8.230000	0.930134	0.000000
8.240000	0.926416	0.000001
8.250000	0.922604	0.000000
8.260000	0.918701	0.000000
8.270000	0.914705	0.000000
8.280000	0.910618	0.000000
8.290000	0.906440	0.000000
8.300000	0.902172	0.000000
8.310000	0.897813	0.000000
8.320000	0.893364	0.000000
8.330000	0.888827	0.000000
8.340000	0.884200	0.000000
8.350000	0.879485	0.000001
8.360000	0.874681	0.000000
8.370000	0.869791	0.000000
8.380000	0.864813	0.000000
8.390000	0.859749	0.000000
8.400000	0.854599	0.000000
8.410000	0.849363	0.000000
8.420000	0.844043	0.000000
8.430000	0.838638	0.000000
8.440000	0.833149	0.000000
8.450000	0.827577	0.000000
8.460000	0.821923	0.000001
8.470000	0.816186	0.000001
8.480000	0.810367	0.000000
8.490000	0.804467	0.000000
8.500000	0.798487	0.000000
8.510000	0.792427	0.000000
8.520000	0.786288	0.000000
8.530000	0.780070	0.000000
8.540000	0.773774	0.000000
8.550000	0.767401	0.000000
8.560000	0.760951	0.000000
8.570000	0.754425	0.000000
8.580000	0.747824	0.000000
8.590000	0.741148	0.000001
8.600000	0.734397	0.000000
8.610000	0.727573	0.000000
8.620000	0.720677	0.000000
8.630000	0.713708	0.000000
8.640000	0.706668	0.000000
8.650000	0.699557	0.000000
8.660000	0.692377	0.000000
8.670000	0.685127	0.000000
8.680000	0.677809	0.000000
8.690000	0.670422	0.000000
8.700000	0.662969	0.000000
8.710000	0.655450	0.000000
8.720000	0.647865	0.000000
8.730000	0.640215	0.000000
8.740000	0.632501	0.000000
8.750000	0.624724	0.000000
8.760000	0.616884	0.000000
8.770000	0.608983	0.000000
8.780000	0.601021	0.000000
8.790000	0.592999	0.000000
8.800000	0.584917	0.000000
8.810000	0.576777	0.000000
8.820000	0.568579	0.000000
8.830000	0.560325	0.000000
8.840000	0.552014	0.000000
8.850000	0.543648	0.000000
8.860000	0.535228	0.000000
8.870000	0.526755	0.000000
8.880000	0.518228	0.000000
8.890000	0.509650	0.000000
8.900000	0.501021	0.000000
8.910000	0.492342	0.000000
8.920000	0.483613	0.000000
8.930000	0.474836	0.000000
8.940000	0.466012	0.000000
8.950000	0.457141	0.000000
8.960000	0.448224	0.000000
8.970000	0.439263	0.000000
8.980000	0.430257	0.000000
8.990000	0.421209	0.000000
9.000000	0.412118	0.000000
9.010000	0.402987	0.000000
9.020000	0.393815	0.000000
9.030000	0.384603	0.000000
9.040000	0.375353	0.000000
9.050000	0.366066	0.000000
9.060000	0.356742	0.000000
9.070000	0.347382	0.000000
9.080000	0.337988	0.000000
9.090000	0.328559	0.000000
9.100000	0.319098	0.000000
9.110000	0.309605	0.000000
9.120000	0.300081	0.000000
9.130000	0.290527	0.000000
9.140000	0.280944	0.000000
9.150000	0.271333	0.000000
9.160000	0.261695	0.000000
9.170000	0.252031	0.000000
9.180000	0.242341	0.000000
9.190000	0.232627	0.000000
9.200000	0.222890	0.000000
9.210000	0.213130	0.000000
9.220000	0.203350	0.000000
9.230000	0.193549	0.000000
9.240000	0.183728	0.000000
9.250000	0.173889	0.000000
9.260000	0.164033	0.000000
9.270000	0.154161	0.000000
9.280000	0.144273	0.000000
9.290000	0.134370	0.000000
9.300000	0.124454	0.000000
9.310000	0.114526	0.000000
9.320000	0.104586	0.000000
9.330000	0.094636	0.000000
9.340000	0.084676	0.000000
9.350000	0.074708	0.000000
9.360000	0.064733	0.000000
9.370000	0.054751	0.000000
9.380000	0.044763	0.000000
9.390000	0.034771	0.000000
9.400000	0.024775	0.000000
9.410000	0.014777	0.000000
9.420000	0.004778	0.000000
9.430000	-0.005222	0.000000
9.440000	-0.015221	0.000000
9.450000	-0.025219	0.000000
9.460000	-0.035215	0.000000
9.470000	-0.045207	0.000000
9.480000	-0.055194	0.000000
9.490000	-0.065176	0.000000
9.500000	-0.075151	0.000000
9.510000	-0.085119	0.000000
9.520000	-0.095078	0.000000
9.530000	-0.105028	0.000000
9.540000	-0.114967	0.000000
9.550000	-0.124895	0.000000
9.560000	-0.134810	0.000000
9.570000	-0.144712	0.000000
9.580000	-0.154600	0.000001
9.590000	-0.164471	0.000000
9.600000	-0.174327	0.000000
9.610000	-0.184165	0.000000
9.620000	-0.193984	0.000000
9.630000	-0.203785	0.000000
9.640000	-0.213564	0.000000
9.650000	-0.223323	0.000000
9.660000	-0.233059	0.000000
9.670000	-0.242772	0.000000
9.680000	-0.252460	0.000000
9.690000	-0.262124	0.000000
9.700000	-0.271761	0.000000
9.710000	-0.281371	0.000000
9.720000	-0.290952	0.000000
9.730000	-0.300505	0.000000
9.740000	-0.310028	0.000000
9.750000	-0.319519	0.000000
9.760000	-0.328979	0.000000
9.770000	-0.338406	0.000000
9.780000	-0.347799	0.000000
9.790000	-0.357157	0.000000
9.800000	-0.366479	0.000000
9.810000	-0.375765	0.000000
9.820000	-0.385013	0.000000
9.830000	-0.394223	0.000000
9.840000	-0.403393	0.000000
9.850000	-0.412523	0.000000
9.860000	-0.421612	0.000000
9.870000	-0.430658	0.000000
9.880000	-0.439662	0.000000
9.890000	-0.448621	0.000000
9.900000	-0.457536	0.000000
9.910000	-0.466405	0.000000
9.920000	-0.475227	0.000000
9.930000	-0.484002	0.000000
9.940000	-0.492728	0.000000
9.950000	-0.501405	0.000000
9.960000	-0.510032	0.000000
9.970000	-0.518608	0.000000
9.980000	-0.527132	0.000000
9.990000	-0.535603	0.000000
10.000000	-0.544021	0.000000
10.010000	-0.552384	0.000000
10.020000	-0.560693	0.000000
10.030000	-0.568945	0.000000
10.040000	-0.577140	0.000000
10.050000	-0.585277	0.000000
10.060000	-0.593356	0.000000
10.070000	-0.601376	0.000000
10.080000	-0.609335	0.000000
10.090000	-0.617234	0.000000
10.100000	-0.625071	0.000000
10.110000	-0.632845	0.000000
10.120000	-0.640556	0.000000
10.130000	-0.648203	0.000000
10.140000	-0.655785	0.000000
10.150000	-0.663302	0.000000
10.160000	-0.670752	0.000000
10.170000	-0.678135	0.000000
10.180000	-0.685450	0.000000
10.190000	-0.692697	0.000000
10.200000	-0.699875	0.000000
10.210000	-0.706982	0.000000
10.220000	-0.714019	0.000000
10.230000	-0.720985	0.000000
10.240000	-0.727878	0.000000
10.250000	-0.734698	0.000000
10.260000	-0.741445	0.000001
10.270000	-0.748118	0.000000
10.280000	-0.754717	0.000000
10.290000	-0.761239	0.000000
10.300000	-0.767686	0.000000
10.310000	-0.774056	0.000000
10.320000	-0.780348	0.000000
10.330000	-0.786562	0.000000
10.340000	-0.792698	0.000000
10.350000	-0.798754	0.000000
10.360000	-0.804731	0.000000
10.370000	-0.810627	0.000000
10.380000	-0.816442	0.000000
10.390000	-0.822175	0.000000
10.400000	-0.827826	0.000000
10.410000	-0.833395	0.000000
10.420000	-0.838880	0.000000
10.430000	-0.844281	0.000000
10.440000	-0.849598	0.000000
10.450000	-0.854829	0.000000
10.460000	-0.859976	0.000000
10.470000	-0.865036	0.000000
10.480000	-0.870010	0.000000
10.490000	-0.874896	0.000000
10.500000	-0.879696	0.000000
10.510000	-0.884407	0.000000
10.520000	-0.889030	0.000000
10.530000	-0.893564	0.000000
10.540000	-0.898008	0.000001
10.550000	-0.902363	0.000000
10.560000	-0.906628	0.000000
10.570000	-0.910802	0.000000
10.580000	-0.914885	0.000000
10.590000	-0.918876	0.000000
10.600000	-0.922775	0.000000
10.610000	-0.926583	0.000000
10.620000	-0.930297	0.000000
10.630000	-0.933919	0.000000
10.640000	-0.937447	0.000000
10.650000	-0.940881	0.000000
10.660000	-0.944221	0.000000
10.670000	-0.947467	0.000000
10.680000	-0.950618	0.000000
10.690000	-0.953674	0.000000
10.700000	-0.956635	0.000000
10.710000	-0.959500	0.000000
10.720000	-0.962269	0.000000
10.730000	-0.964942	0.000000
10.740000	-0.967518	0.000000
10.750000	-0.969998	0.000000
10.760000	-0.972380	0.000000
10.770000	-0.974666	0.000000
10.780000	-0.976854	0.000000
10.790000	-0.978944	0.000000
10.800000	-0.980936	0.000000
10.810000	-0.982830	0.000000
10.820000	-0.984626	0.000000
10.830000	-0.986324	0.000000
10.840000	-0.987923	0.000000
10.850000	-0.989423	0.000000
10.860000	-0.990824	0.000000
10.870000	-0.992126	0.000000
10.880000	-0.993329	0.000000
10.890000	-0.994432	0.000000
10.900000	-0.995436	0.000000
10.910000	-0.996341	0.000000
10.920000	-0.997146	0.000000
10.930000	-0.997851	0.000000
10.940000	-0.998456	0.000000
10.950000	-0.998962	0.000000
10.960000	-0.999367	0.000000
10.970000	-0.999673	0.000000
10.980000	-0.999879	0.000000
10.990000	-0.999984	0.000000
11.000000	-0.999990	0.000000
11.010000	-0.999896	0.000000
11.020000	-0.999702	0.000000
11.030000	-0.999407	0.000000
11.040000	-0.999013	0.000000
11.050000	-0.998519	0.000000
11.060000	-0.997925	0.000000
11.070000	-0.997232	0.000000
11.080000	-0.996438	0.000000
11.090000	-0.995545	0.000000
11.100000	-0.994553	0.000000
11.110000	-0.993461	0.000000
11.120000	-0.992269	0.000000
11.130000	-0.990978	0.000000
11.140000	-0.989589	0.000000
11.150000	-0.988100	0.000000
11.160000	-0.986513	0.000000
11.170000	-0.984826	0.000000
11.180000	-0.983042	0.000000
11.190000	-0.981159	0.000000
11.200000	-0.979178	0.000000
11.210000	-0.977099	0.000000
11.220000	-0.974922	0.000000
11.230000	-0.972648	0.000000
11.240000	-0.970276	0.000000
11.250000	-0.967808	0.000000
11.260000	-0.965243	0.000000
11.270000	-0.962581	0.000000
11.280000	-0.959823	0.000000
11.290000	-0.956969	0.000000
11.300000	-0.954019	0.000000
11.310000	-0.950974	0.000000
11.320000	-0.947834	0.000000
11.330000	-0.944599	0.000000
11.340000	-0.941270	0.000000
11.350000	-0.937846	0.000000
11.360000	-0.934329	0.000000
11.370000	-0.930718	0.000000
11.380000	-0.927014	0.000000
11.390000	-0.923217	0.000000
11.400000	-0.919329	0.000000
11.410000	-0.915348	0.000000
11.420000	-0.911275	0.000000
11.430000	-0.907112	0.000000
11.440000	-0.902858	0.000000
11.450000	-0.898513	0.000000
11.460000	-0.894079	0.000000
11.470000	-0.889555	0.000000
11.480000	-0.884943	0.000000
11.490000	-0.880241	0.000000
11.500000	-0.875452	0.000000
11.510000	-0.870575	0.000000
11.520000	-0.865612	0.000000
11.530000	-0.860561	0.000000
11.540000	-0.855425	0.000000
11.550000	-0.850203	0.000000
11.560000	-0.844896	0.000000
11.570000	-0.839505	0.000001
11.580000	-0.834029	0.000000
11.590000	-0.828470	0.000000
11.600000	-0.822829	0.000000
11.610000	-0.817105	0.000000
11.620000	-0.811299	0.000000
11.630000	-0.805412	0.000000
11.640000	-0.799445	0.000000
11.650000	-0.793398	0.000000
11.660000	-0.787271	0.000000
11.670000	-0.781066	0.000000
11.680000	-0.774782	0.000000
11.690000	-0.768421	0.000000
11.700000	-0.761984	0.000000
11.710000	-0.755470	0.000000
11.720000	-0.748880	0.000000
11.730000	-0.742216	0.000000
11.740000	-0.735477	0.000000
11.750000	-0.728665	0.000000
11.760000	-0.721780	0.000000
11.770000	-0.714823	0.000000
11.780000	-0.707794	0.000000
11.790000	-0.700695	0.000000
11.800000	-0.693525	0.000000
11.810000	-0.686286	0.000000
11.820000	-0.678979	0.000000
11.830000	-0.671603	0.000000
11.840000	-0.664161	0.000000
11.850000	-0.656652	0.000000
11.860000	-0.649077	0.000000
11.870000	-0.641438	0.000000
11.880000	-0.633734	0.000000
11.890000	-0.625967	0.000000
11.900000	-0.618137	0.000000
11.910000	-0.610246	0.000000
11.920000	-0.602293	0.000000
11.930000	-0.594280	0.000000
11.940000	-0.586208	0.000000
11.950000	-0.578077	0.000000
11.960000	-0.569889	0.000000
11.970000	-0.561643	0.000000
11.980000	-0.553342	0.000000
11.990000	-0.544984	0.000000
12.000000	-0.536573	0.000000
12.010000	-0.528108	0.000000
12.020000	-0.519590	0.000000
12.030000	-0.511020	0.000000
12.040000	-0.502399	0.000000
12.050000	-0.493727	0.000000
12.060000	-0.485007	0.000000
12.070000	-0.476237	0.000000
12.080000	-0.467420	0.000000
12.090000	-0.458557	0.000000
12.100000	-0.449647	0.000000
12.110000	-0.440693	0.000000
12.120000	-0.431695	0.000000
12.130000	-0.422653	0.000000
12.140000	-0.413569	0.000000
12.150000	-0.404444	0.000000
12.160000	-0.395278	0.000000
12.170000	-0.386073	0.000000
12.180000	-0.376829	0.000000
12.190000	-0.367548	0.000000
12.200000	-0.358229	0.000000
12.210000	-0.348875	0.000000
12.220000	-0.339486	0.000000
12.230000	-0.330063	0.000000
12.240000	-0.320607	0.000000
12.250000	-0.311119	0.000000
12.260000	-0.301600	0.000000
12.270000	-0.292051	0.000000
12.280000	-0.282472	0.000001
12.290000	-0.272866	0.000000
12.300000	-0.263232	0.000000
12.310000	-0.253571	0.000000
12.320000	-0.243886	0.000000
12.330000	-0.234176	0.000000
12.340000	-0.224442	0.000000
12.350000	-0.214686	0.000000
12.360000	-0.204909	0.000000
12.370000	-0.195111	0.000000
12.380000	-0.185294	0.000000
12.390000	-0.175458	0.000000
12.400000	-0.165604	0.000000
12.410000	-0.155734	0.000000
12.420000	-0.145848	0.000001
12.430000	-0.135948	0.000000
12.440000	-0.126034	0.000001
12.450000	-0.116108	0.000000
12.460000	-0.106170	0.000000
12.470000	-0.096221	0.000001
12.480000	-0.086263	0.000000
12.490000	-0.076296	0.000000
12.500000	-0.066322	0.000000
12.510000	-0.056341	0.000000
12.520000	-0.046354	0.000000
12.530000	-0.036363	0.000000
12.540000	-0.026368	0.000000
12.550000	-0.016370	0.000000
12.560000	-0.006371	0.000000
12.570000	0.003629	0.000000
12.580000	0.013629	0.000000
12.590000	0.023627	0.000000
12.600000	0.033623	0.000000
12.610000	0.043616	0.000000
12.620000	0.053604	0.000000
12.630000	0.063587	0.000001
12.640000	0.073563	0.000000
12.650000	0.083532	0.000000
12.660000	0.093493	0.000000
12.670000	0.103444	0.000000
12.680000	0.113385	0.000000
12.690000	0.123315	0.000000
12.700000	0.133232	0.000000
12.710000	0.143136	0.000000
12.720000	0.153026	0.000000
12.730000	0.162900	0.000000
12.740000	0.172758	0.000000
12.750000	0.182599	0.000000
12.760000	0.192422	0.000000
12.770000	0.202225	0.000000
12.780000	0.212008	0.000000
12.790000	0.221770	0.000000
12.800000	0.231510	0.000000
12.810000	0.241226	0.000000
12.820000	0.250919	0.000000
12.830000	0.260586	0.000000
12.840000	0.270228	0.000000
12.850000	0.279842	0.000000
12.860000	0.289428	0.000000
12.870000	0.298986	0.000000
12.880000	0.308513	0.000000
12.890000	0.318010	0.000000
12.900000	0.327474	0.000000
12.910000	0.336907	0.000000
12.920000	0.346305	0.000000
12.930000	0.355669	0.000000
12.940000	0.364997	0.000000
12.950000	0.374289	0.000000
12.960000	0.383543	0.000000
12.970000	0.392759	0.000000
12.980000	0.401935	0.000000
12.990000	0.411072	0.000000
13.000000	0.420167	0.000000
13.010000	0.429220	0.000000
13.020000	0.438231	0.000000
13.030000	0.447197	0.000000
13.040000	0.456119	0.000000
13.050000	0.464995	0.000000
13.060000	0.473825	0.000000
13.070000	0.482607	0.000000
13.080000	0.491342	0.000000
13.090000	0.500026	0.000001
13.100000	0.508661	0.000000
13.110000	0.517246	0.000000
13.120000	0.525778	0.000000
13.130000	0.534258	0.000000
13.140000	0.542684	0.000000
13.150000	0.551056	0.000000
13.160000	0.559373	0.000000
13.170000	0.567634	0.000000
13.180000	0.575838	0.000000
13.190000	0.583985	0.000000
13.200000	0.592073	0.000001
13.210000	0.600103	0.000000
13.220000	0.608072	0.000000
13.230000	0.615980	0.000000
13.240000	0.623827	0.000000
13.250000	0.631611	0.000000
13.260000	0.639332	0.000000
13.270000	0.646989	0.000000
13.280000	0.654582	0.000000
13.290000	0.662109	0.000000
13.300000	0.669570	0.000000
13.310000	0.676964	0.000000
13.320000	0.684290	0.000000
13.330000	0.691548	0.000000
13.340000	0.698736	0.000000
13.350000	0.705855	0.000000
13.360000	0.712903	0.000000
13.370000	0.719880	0.000000
13.380000	0.726785	0.000000
13.390000	0.733617	0.000000
13.400000	0.740376	0.000000
13.410000	0.747061	0.000000
13.420000	0.753671	0.000000
13.430000	0.760205	0.000001
13.440000	0.766664	0.000000
13.450000	0.773046	0.000000
13.460000	0.779351	0.000000
13.470000	0.785578	0.000000
13.480000	0.791726	0.000000
13.490000	0.797795	0.000000
13.500000	0.803784	0.000000
13.510000	0.809693	0.000000
13.520000	0.815521	0.000000
13.530000	0.821268	0.000000
13.540000	0.826932	0.000000
13.550000	0.832513	0.000001
13.560000	0.838012	0.000000
13.570000	0.843426	0.000000
13.580000	0.848756	0.000001
13.590000	0.854002	0.000000
13.600000	0.859162	0.000000
13.610000	0.864236	0.000000
13.620000	0.869223	0.000000
13.630000	0.874124	0.000000
13.640000	0.878937	0.000000
13.650000	0.883663	0.000000
13.660000	0.888300	0.000000
13.670000	0.892848	0.000000
13.680000	0.897307	0.000000
13.690000	0.901676	0.000000
13.700000	0.905955	0.000000
13.710000	0.910143	0.000000
13.720000	0.914240	0.000000
13.730000	0.918246	0.000000
13.740000	0.922160	0.000001
13.750000	0.925982	0.000000
13.760000	0.929712	0.000000
13.770000	0.933348	0.000000
13.780000	0.936891	0.000000
13.790000	0.940340	0.000000
13.800000	0.943696	0.000000
13.810000	0.946957	0.000000
13.820000	0.950123	0.000000
13.830000	0.953194	0.000000
13.840000	0.956170	0.000000
13.850000	0.959050	0.000000
13.860000	0.961834	0.000001
13.870000	0.964523	0.000000
13.880000	0.967114	0.000000
13.890000	0.969609	0.000000
13.900000	0.972007	0.000001
13.910000	0.974308	0.000000
13.920000	0.976512	0.000000
13.930000	0.978618	0.000000
13.940000	0.980625	0.000000
13.950000	0.982535	0.000000
13.960000	0.984347	0.000000
13.970000	0.986060	0.000000
13.980000	0.987675	0.000000
13.990000	0.989190	0.000000
14.000000	0.990607	0.000000
14.010000	0.991925	0.000000
14.020000	0.993144	0.000000
14.030000	0.994263	0.000000
14.040000	0.995283	0.000000
14.050000	0.996203	0.000000
14.060000	0.997024	0.000000
14.070000	0.997745	0.000000
14.080000	0.998366	0.000000
14.090000	0.998888	0.000000
14.100000	0.999309	0.000000
14.110000	0.999631	0.000000
14.120000	0.999853	0.000000
14.130000	0.999974	0.000000
14.140000	0.999996	0.000000
14.150000	0.999918	0.000000
14.160000	0.999739	0.000000
14.170000	0.999461	0.000000
14.180000	0.999083	0.000000
14.190000	0.998605	0.000000
14.200000	0.998027	0.000000
14.210000	0.997349	0.000000
14.220000	0.996571	0.000000
14.230000	0.995694	0.000000
14.240000	0.994717	0.000000
14.250000	0.993641	0.000000
14.260000	0.992466	0.000000
14.270000	0.991191	0.000000
14.280000	0.989817	0.000000
14.290000	0.988344	0.000000
14.300000	0.986772	0.000000
14.310000	0.985102	0.000000
14.320000	0.983333	0.000000
14.330000	0.981465	0.000000
14.340000	0.979500	0.000000
14.350000	0.977437	0.000001
14.360000	0.975275	0.000000
14.370000	0.973017	0.000000
14.380000	0.970661	0.000000
14.390000	0.968208	0.000000
14.400000	0.965658	0.000000
14.410000	0.963012	0.000001
14.420000	0.960269	0.000000
14.430000	0.957430	0.000000
14.440000	0.954496	0.000001
14.450000	0.951466	0.000000
14.460000	0.948341	0.000001
14.470000	0.945121	0.000000
14.480000	0.941806	0.000000
14.490000	0.938398	0.000001
14.500000	0.934895	0.000000
14.510000	0.931299	0.000000
14.520000	0.927610	0.000000
14.530000	0.923828	0.000000
14.540000	0.919954	0.000000
14.550000	0.915988	0.000000
14.560000	0.911930	0.000000
14.570000	0.907781	0.000000
14.580000	0.903542	0.000001
14.590000	0.899211	0.000000
14.600000	0.894791	0.000000
14.610000	0.890282	0.000000
14.620000	0.885683	0.000000
14.630000	0.880996	0.000000
14.640000	0.876221	0.000000
14.650000	0.871358	0.000000
14.660000	0.866408	0.000000
14.670000	0.861372	0.000001
14.680000	0.856249	0.000000
14.690000	0.851040	0.000000
14.700000	0.845747	0.000000
14.710000	0.840369	0.000000
14.720000	0.834907	0.000000
14.730000	0.829361	0.000000
14.740000	0.823733	0.000000
14.750000	0.818022	0.000000
14.760000	0.812229	0.000000
14.770000	0.806355	0.000000
14.780000	0.800401	0.000000
14.790000	0.794366	0.000000
14.800000	0.788252	0.000000
14.810000	0.782059	0.000000
14.820000	0.775788	0.000000
14.830000	0.769440	0.000000
14.840000	0.763014	0.000000
14.850000	0.756512	0.000000
14.860000	0.749935	0.000000
14.870000	0.743282	0.000000
14.880000	0.736555	0.000000
14.890000	0.729755	0.000000
14.900000	0.722881	0.000000
14.910000	0.715936	0.000000
14.920000	0.708918	0.000000
14.930000	0.701830	0.000000
14.940000	0.694672	0.000000
14.950000	0.687444	0.000000
14.960000	0.680147	0.000000
14.970000	0.672782	0.000000
14.980000	0.665351	0.000000
14.990000	0.657852	0.000000
15.000000	0.650288	0.000000
15.010000	0.642659	0.000000
15.020000	0.634965	0.000000
15.030000	0.627208	0.000000
15.040000	0.619388	0.000000
15.050000	0.611507	0.000000
15.060000	0.603564	0.000000
15.070000	0.595560	0.000001
15.080000	0.587498	0.000000
15.090000	0.579376	0.000000
15.100000	0.571197	0.000000
15.110000	0.562960	0.000000
15.120000	0.554667	0.000000
15.130000	0.546319	0.000000
15.140000	0.537916	0.000000
15.150000	0.529459	0.000000
15.160000	0.520950	0.000000
15.170000	0.512388	0.000000
15.180000	0.503775	0.000000
15.190000	0.495111	0.000001
15.200000	0.486398	0.000001
15.210000	0.477637	0.000000
15.220000	0.468828	0.000000
15.230000	0.459971	0.000001
15.240000	0.451069	0.000000
15.250000	0.442122	0.000000
15.260000	0.433130	0.000001
15.270000	0.424096	0.000000
15.280000	0.415018	0.000001
15.290000	0.405900	0.000000
15.300000	0.396740	0.000001
15.310000	0.387541	0.000001
15.320000	0.378303	0.000001
15.330000	0.369028	0.000000
15.340000	0.359715	0.000001
15.350000	0.350367	0.000000
15.360000	0.340983	0.000001
15.370000	0.331566	0.000000
15.380000	0.322115	0.000001
15.390000	0.312632	0.000001
15.400000	0.303118	0.000000
15.410000	0.293573	0.000001
15.420000	0.283999	0.000001
15.430000	0.274397	0.000001
15.440000	0.264767	0.000001
15.450000	0.255111	0.000001
15.460000	0.245430	0.000000
15.470000	0.235723	0.000001
15.480000	0.225993	0.000001
15.490000	0.216241	0.000001
15.500000	0.206467	0.000000
15.510000	0.196672	0.000001
15.520000	0.186858	0.000000
15.530000	0.177025	0.000000
15.540000	0.167174	0.000001
15.550000	0.157307	0.000000
15.560000	0.147423	0.000001
15.570000	0.137525	0.000001
15.580000	0.127614	0.000000
15.590000	0.117689	0.000001
15.600000	0.107753	0.000001
15.610000	0.097806	0.000001
15.620000	0.087849	0.000001
15.630000	0.077884	0.000000
15.640000	0.067910	0.000001
15.650000	0.057930	0.000001
15.660000	0.047944	0.000001
15.670000	0.037954	0.000000
15.680000	0.027959	0.000001
15.690000	0.017962	0.000000
15.700000	0.007963	0.000000
15.710000	-0.002037	0.000000
15.720000	-0.012037	0.000001
15.730000	-0.022035	0.000000
15.740000	-0.032032	0.000001
15.750000	-0.042025	0.000001
15.760000	-0.052014	0.000001
15.770000	-0.061997	0.000000
15.780000	-0.071975	0.000001
15.790000	-0.081945	0.000000
15.800000	-0.091907	0.000000
15.810000	-0.101860	0.000000
15.820000	-0.111803	0.000001
15.830000	-0.121734	0.000000
15.840000	-0.131654	0.000001
15.850000	-0.141560	0.000000
15.860000	-0.151452	0.000000
15.870000	-0.161329	0.000000
15.880000	-0.171190	0.000001
15.890000	-0.181033	0.000000
15.900000	-0.190859	0.000000
15.910000	-0.200665	0.000000
15.920000	-0.210452	0.000001
15.930000	-0.220217	0.000000
15.940000	-0.229960	0.000000
15.950000	-0.239681	0.000001
15.960000	-0.249377	0.000000
15.970000	-0.259048	0.000000
15.980000	-0.268694	0.000000
15.990000	-0.278313	0.000001
16.000000	-0.287903	0.000000
16.010000	-0.297465	0.000000
16.020000	-0.306998	0.000000
16.030000	-0.316499	0.000000
16.040000	-0.325969	0.000000
16.050000	-0.335406	0.000001
16.060000	-0.344810	0.000000
16.070000	-0.354179	0.000001
16.080000	-0.363513	0.000001
16.090000	-0.372811	0.000000
16.100000	-0.382071	0.000000
16.110000	-0.391293	0.000000
16.120000	-0.400476	0.000000
16.130000	-0.409619	0.000000
16.140000	-0.418721	0.000000
16.150000	-0.427781	0.000000
16.160000	-0.436798	0.000001
16.170000	-0.445772	0.000000
16.180000	-0.454701	0.000000
16.190000	-0.463584	0.000001
16.200000	-0.472421	0.000001
16.210000	-0.481211	0.000001
16.220000	-0.489953	0.000001
16.230000	-0.498646	0.000001
16.240000	-0.507289	0.000001
16.250000	-0.515881	0.000001
16.260000	-0.524422	0.000001
16.270000	-0.532910	0.000001
16.280000	-0.541345	0.000001
16.290000	-0.549725	0.000001
16.300000	-0.558051	0.000001
16.310000	-0.566321	0.000001
16.320000	-0.574535	0.000001
16.330000	-0.582690	0.000002
16.340000	-0.590788	0.000001
16.350000	-0.598827	0.000001
16.360000	-0.606805	0.000002
16.370000	-0.614723	0.000002
16.380000	-0.622580	0.000001
16.390000	-0.630374	0.000001
16.400000	-0.638105	0.000002
16.410000	-0.645773	0.000001
16.420000	-0.653375	0.000002
16.430000	-0.660913	0.000002
16.440000	-0.668384	0.000002
16.450000	-0.675789	0.000002
16.460000	-0.683126	0.000002
16.470000	-0.690395	0.000001
16.480000	-0.697594	0.000002
16.490000	-0.704724	0.000002
16.500000	-0.711784	0.000001
16.510000	-0.718772	0.000002
16.520000	-0.725688	0.000002
16.530000	-0.732532	0.000002
16.540000	-0.739303	0.000001
16.550000	-0.745999	0.000002
16.560000	-0.752621	0.000002
16.570000	-0.759168	0.000002
16.580000	-0.765639	0.000002
16.590000	-0.772033	0.000002
16.600000	-0.778350	0.000002
16.610000	-0.784589	0.000002
16.620000	-0.790750	0.000002
16.630000	-0.796832	0.000002
16.640000	-0.802834	0.000002
16.650000	-0.808756	0.000002
16.660000	-0.814597	0.000002
16.670000	-0.820356	0.000002
16.680000	-0.826033	0.000002
16.690000	-0.831628	0.000002
16.700000	-0.837140	0.000002
16.710000	-0.842568	0.000002
16.720000	-0.847912	0.000001
16.730000	-0.853170	0.000002
16.740000	-0.858344	0.000002
16.750000	-0.863432	0.000001
16.760000	-0.868433	0.000002
16.770000	-0.873348	0.000001
16.780000	-0.878175	0.000002
16.790000	-0.882914	0.000002
16.800000	-0.887565	0.000002
16.810000	-0.892128	0.000001
16.820000	-0.896601	0.000001
16.830000	-0.900985	0.000001
16.840000	-0.905278	0.000001
16.850000	-0.909481	0.000001
16.860000	-0.913593	0.000001
16.870000	-0.917613	0.000002
16.880000	-0.921542	0.000001
16.890000	-0.925379	0.000001
16.900000	-0.929123	0.000001
16.910000	-0.932774	0.000001
16.920000	-0.936332	0.000001
16.930000	-0.939797	0.000000
16.940000	-0.943167	0.000001
16.950000	-0.946443	0.000001
16.960000	-0.949624	0.000001
16.970000	-0.952711	0.000000
16.980000	-0.955702	0.000000
16.990000	-0.958598	0.000000
17.000000	-0.961397	0.000000
17.010000	-0.964101	0.000000
17.020000	-0.966708	0.000000
17.030000	-0.969219	0.000000
17.040000	-0.971633	0.000001
17.050000	-0.973949	0.000001
17.060000	-0.976168	0.000001
17.070000	-0.978290	0.000001
17.080000	-0.980313	0.000001
17.090000	-0.982239	0.000001
17.100000	-0.984066	0.000001
17.110000	-0.985795	0.000001
17.120000	-0.987426	0.000002
17.130000	-0.988957	0.000001
17.140000	-0.990390	0.000002
17.150000	-0.991724	0.000002
17.160000	-0.992959	0.000003
17.170000	-0.994094	0.000002
17.180000	-0.995130	0.000003
17.190000	-0.996066	0.000003
17.200000	-0.996903	0.000003
17.210000	-0.997640	0.000003
17.220000	-0.998277	0.000003
17.230000	-0.998815	0.000004
17.240000	-0.999253	0.000004
17.250000	-0.999590	0.000004
17.260000	-0.999828	0.000004
17.270000	-0.999966	0.000004
17.280000	-1.000004	0.000005
17.290000	-0.999941	0.000004
17.300000	-0.999779	0.000005
17.310000	-0.999517	0.000005
17.320000	-0.999155	0.000005
17.330000	-0.998693	0.000006
17.340000	-0.998131	0.000006
17.350000	-0.997469	0.000006
17.360000	-0.996708	0.000006
17.370000	-0.995847	0.000007
17.380000	-0.994886	0.000006
17.390000	-0.993826	0.000007
17.400000	-0.992666	0.000007
17.410000	-0.991407	0.000007
17.420000	-0.990049	0.000007
17.430000	-0.988592	0.000007
17.440000	-0.987036	0.000007
17.450000	-0.985382	0.000008
17.460000	-0.983628	0.000007
17.470000	-0.981777	0.000008
17.480000	-0.979827	0.000008
17.490000	-0.977780	0.000008
17.500000	-0.975634	0.000008
17.510000	-0.973391	0.000008
17.520000	-0.971051	0.000009
17.530000	-0.968613	0.000008
17.540000	-0.966079	0.000009
17.550000	-0.963448	0.000009
17.560000	-0.960721	0.000009
17.570000	-0.957897	0.000009
17.580000	-0.954978	0.000009
17.590000	-0.951964	0.000010
17.600000	-0.948854	0.000010
17.610000	-0.945649	0.000009
17.620000	-0.942350	0.000010
17.630000	-0.938956	0.000009
17.640000	-0.935469	0.000010
17.650000	-0.931888	0.000010
17.660000	-0.928213	0.000009
17.670000	-0.924446	0.000009
17.680000	-0.920587	0.000010
17.690000	-0.916635	0.000009
17.700000	-0.912592	0.000010
17.710000	-0.908457	0.000009
17.720000	-0.904232	0.000009
17.730000	-0.899916	0.000009
17.740000	-0.895510	0.000009
17.750000	-0.891015	0.000009
17.760000	-0.886430	0.000009
17.770000	-0.881757	0.000009
17.780000	-0.876996	0.000009
17.790000	-0.872147	0.000009
17.800000	-0.867210	0.000008
17.810000	-0.862187	0.000008
17.820000	-0.857078	0.000008
17.830000	-0.851883	0.000007
17.840000	-0.846603	0.000007
17.850000	-0.841238	0.000007
17.860000	-0.835789	0.000007
17.870000	-0.830256	0.000006
17.880000	-0.824641	0.000006
17.890000	-0.818942	0.000005
17.900000	-0.813162	0.000005
17.910000	-0.807301	0.000005
17.920000	-0.801359	0.000005
17.930000	-0.795336	0.000003
17.940000	-0.789234	0.000003
17.950000	-0.783054	0.000003
17.960000	-0.776795	0.000003
17.970000	-0.770458	0.000002
17.980000	-0.764044	0.000001
17.990000	-0.757553	0.000000
18.000000	-0.750987	0.000000
18.010000	-0.744346	0.000001
18.020000	-0.737630	0.000002
18.030000	-0.730841	0.000002
18.040000	-0.723978	0.000003
18.050000	-0.717043	0.000004
18.060000	-0.710036	0.000005
18.070000	-0.702959	0.000005
18.080000	-0.695810	0.000006
18.090000	-0.688593	0.000006
18.100000	-0.681306	0.000008
18.110000	-0.673951	0.000009
18.120000	-0.666529	0.000010
18.130000	-0.659040	0.000011
18.140000	-0.651486	0.000011
18.150000	-0.643866	0.000012
18.160000	-0.636181	0.000014
18.170000	-0.628433	0.000015
18.180000	-0.620622	0.000016
18.190000	-0.612749	0.000017
18.200000	-0.604815	0.000018
18.210000	-0.596820	0.000019
18.220000	-0.588766	0.000020
18.230000	-0.580653	0.000021
18.240000	-0.572481	0.000022
18.250000	-0.564252	0.000024
18.260000	-0.555967	0.000025
18.270000	-0.547627	0.000025
18.280000	-0.539231	0.000027
18.290000	-0.530781	0.000029
18.300000	-0.522279	0.000030
18.310000	-0.513724	0.000031
18.320000	-0.505118	0.000032
18.330000	-0.496461	0.000034
18.340000	-0.487755	0.000035
18.350000	-0.478999	0.000037
18.360000	-0.470196	0.000038
18.370000	-0.461346	0.000039
18.380000	-0.452450	0.000040
18.390000	-0.443508	0.000042
18.400000	-0.434523	0.000043
18.410000	-0.425493	0.000045
18.420000	-0.416421	0.000046
18.430000	-0.407308	0.000047
18.440000	-0.398154	0.000048
18.450000	-0.388960	0.000049
18.460000	-0.379727	0.000051
18.470000	-0.370456	0.000052
18.480000	-0.361148	0.000053
18.490000	-0.351804	0.000055
18.500000	-0.342425	0.000056
18.510000	-0.333011	0.000057
18.520000	-0.323564	0.000059
18.530000	-0.314085	0.000060
18.540000	-0.304575	0.000061
18.550000	-0.295034	0.000062
18.560000	-0.285464	0.000063
18.570000	-0.275865	0.000064
18.580000	-0.266239	0.000064
18.590000	-0.256586	0.000065
18.600000	-0.246907	0.000067
18.610000	-0.237204	0.000067
18.620000	-0.227477	0.000068
18.630000	-0.217728	0.000068
18.640000	-0.207957	0.000069
18.650000	-0.198165	0.000069
18.660000	-0.188353	0.000070
18.670000	-0.178522	0.000071
18.680000	-0.168674	0.000071
18.690000	-0.158809	0.000071
18.700000	-0.148928	0.000071
18.710000	-0.139033	0.000070
18.720000	-0.129123	0.000071
18.730000	-0.119201	0.000070
18.740000	-0.109267	0.000070
18.750000	-0.099322	0.000070
18.760000	-0.089368	0.000068
18.770000	-0.079404	0.000068
18.780000	-0.069433	0.000067
18.790000	-0.059455	0.000066
18.800000	-0.049471	0.000065
18.810000	-0.039482	0.000064
18.820000	-0.029490	0.000062
18.830000	-0.019495	0.000060
18.840000	-0.009498	0.000058
18.850000	0.000500	0.000056
18.860000	0.010498	0.000054
18.870000	0.020494	0.000051
18.880000	0.030488	0.000049
18.890000	0.040479	0.000046
18.900000	0.050466	0.000043
18.910000	0.060447	0.000040
18.920000	0.070422	0.000036
18.930000	0.080390	0.000033
18.940000	0.090350	0.000029
18.950000	0.100300	0.000025
18.960000	0.110240	0.000020
18.970000	0.120169	0.000016
18.980000	0.130085	0.000011
18.990000	0.139988	0.000005
19.000000	0.149877	0.000000
19.010000	0.159751	0.000006
19.020000	0.169608	0.000012
19.030000	0.179448	0.000018
19.040000	0.189270	0.000025
19.050000	0.199073	0.000032
19.060000	0.208856	0.000038
19.070000	0.218617	0.000046
19.080000	0.228356	0.000054
19.090000	0.238072	0.000062
19.100000	0.247764	0.000070
19.110000	0.257430	0.000080
19.120000	0.267071	0.000088
19.130000	0.276685	0.000097
19.140000	0.286270	0.000108
19.150000	0.295827	0.000117
19.160000	0.305353	0.000129
19.170000	0.314849	0.000139
19.180000	0.324313	0.000150
19.190000	0.333744	0.000162
19.200000	0.343141	0.000174
19.210000	0.352504	0.000186
19.220000	0.361831	0.000198
19.230000	0.371122	0.000211
19.240000	0.380375	0.000224
19.250000	0.389589	0.000238
19.260000	0.398764	0.000253
19.270000	0.407899	0.000267
19.280000	0.416993	0.000281
19.290000	0.426045	0.000296
19.300000	0.435054	0.000311
19.310000	0.444019	0.000327
19.320000	0.452939	0.000343
19.330000	0.461814	0.000359
19.340000	0.470642	0.000376
19.350000	0.479422	0.000393
19.360000	0.488155	0.000410
19.370000	0.496838	0.000427
19.380000	0.505471	0.000445
19.390000	0.514054	0.000463
19.400000	0.522584	0.000482
19.410000	0.531063	0.000499
19.420000	0.539488	0.000518
19.430000	0.547858	0.000537
19.440000	0.556174	0.000556
19.450000	0.564434	0.000575
19.460000	0.572637	0.000594
19.470000	0.580783	0.000614
19.480000	0.588871	0.000633
19.490000	0.596900	0.000652
19.500000	0.604869	0.000671
19.510000	0.612777	0.000691
19.520000	0.620624	0.000710
19.530000	0.628409	0.000729
19.540000	0.636132	0.000748
19.550000	0.643791	0.000766
19.560000	0.651385	0.000785
19.570000	0.658915	0.000803
19.580000	0.666379	0.000821
19.590000	0.673777	0.000839
19.600000	0.681108	0.000856
19.610000	0.688371	0.000872
19.620000	0.695566	0.000888
19.630000	0.702692	0.000903
19.640000	0.709748	0.000918
19.650000	0.716734	0.000931
19.660000	0.723649	0.000944
19.670000	0.730493	0.000956
19.680000	0.737264	0.000967
19.690000	0.743963	0.000976
19.700000	0.750588	0.000985
19.710000	0.757140	0.000992
19.720000	0.763617	0.000998
19.730000	0.770019	0.001003
19.740000	0.776346	0.001005
19.750000	0.782596	0.001007
19.760000	0.788770	0.001006
19.770000	0.794868	0.001003
19.780000	0.800887	0.000998
19.790000	0.806829	0.000991
19.800000	0.812693	0.000981
19.810000	0.818477	0.000969
19.820000	0.824183	0.000954
19.830000	0.829809	0.000936
19.840000	0.835354	0.000916
19.850000	0.840820	0.000891
19.860000	0.846204	0.000864
19.870000	0.851508	0.000832
19.880000	0.856730	0.000798
19.890000	0.861870	0.000759
19.900000	0.866928	0.000716
19.910000	0.871904	0.000668
19.920000	0.876797	0.000617
19.930000	0.881608	0.000559
19.940000	0.886335	0.000497
19.950000	0.890979	0.000430
19.960000	0.895540	0.000356
19.970000	0.900017	0.000277
19.980000	0.904410	0.000192
19.990000	0.908720	0.000099
20.000000	0.912945	0.000000
