4.9296948305e+03
4.9039988932e+03
4.7044963095e+03
4.6541394673e+03
4.4698920748e+03
4.9639108168e+03
4.8552067305e+03
4.8813980194e+03
4.7345627986e+03
4.6438532612e+03
4.2701102541e+03
4.9633504090e+03
4.3369299520e+03
4.6228857325e+03
4.3157216967e+03
5.0843473753e+03
4.7068874674e+03
4.6273008477e+03
4.8035673921e+03
4.5069435669e+03
4.4574710884e+03
4.5111500781e+03
4.6152411278e+03
4.4189760750e+03
4.5652738934e+03
4.2288372148e+03
4.9203454036e+03
4.5332989219e+03
4.6267282562e+03
4.6959133893e+03
4.5717065760e+03
4.7062835897e+03
4.9685294912e+03
4.8896456053e+03
4.8353994984e+03
4.3540248878e+03
5.0511672866e+03
4.3490026015e+03
4.8192297296e+03
4.9434338758e+03
4.6719802858e+03
4.5868570622e+03
4.7799079204e+03
4.6816848205e+03
4.6521391211e+03
5.0259445621e+03
4.8781865108e+03
4.8720395828e+03
4.5627550844e+03
4.5571512322e+03
5.0567507360e+03
4.5659884505e+03
4.6438370069e+03
4.9346042959e+03
5.0404206767e+03
4.7382501798e+03
4.6407603377e+03
4.7369440809e+03
4.9672162418e+03
4.5562253918e+03
4.4436539977e+03
4.6100339278e+03
4.8121567827e+03
4.3914788441e+03
4.7928151825e+03
4.8010603656e+03
4.2594127961e+03
4.7609254257e+03
4.8623300679e+03
4.5330398613e+03
4.5580133980e+03
4.7543251420e+03
4.5720446054e+03
4.7285882928e+03
5.0201679576e+03
4.2827251080e+03
5.0645806102e+03
4.9197262195e+03
4.5782092912e+03
4.9763354616e+03
4.9177748469e+03
4.2986241306e+03
4.7570131203e+03
4.7932501988e+03
4.6569490813e+03
4.5916112012e+03
4.6201858622e+03
4.3525865255e+03
4.8065308694e+03
4.7525836923e+03
4.6762722469e+03
4.4059711739e+03
4.6841324392e+03
5.0243953112e+03
5.0888202309e+03
4.7434251158e+03
4.3503374989e+03
4.7238463995e+03
4.5556348469e+03
5.2276962240e+03
